Datetime,Water Level (m)
2026-02-06 00:00:00,0.32522416
2026-02-06 01:00:00,0.08199731
2026-02-06 02:00:00,-0.15108661
2026-02-06 03:00:00,-0.39061305
2026-02-06 04:00:00,-0.62049544
2026-02-06 05:00:00,-0.823867
2026-02-06 06:00:00,-0.9352174
2026-02-06 07:00:00,-0.7596933
2026-02-06 08:00:00,-0.44435233
2026-02-06 09:00:00,-0.07869662
2026-02-06 10:00:00,0.26443976
2026-02-06 11:00:00,0.41369793
2026-02-06 12:00:00,0.24773945
2026-02-06 13:00:00,0.019441525
2026-02-06 14:00:00,-0.19613978
2026-02-06 15:00:00,-0.41490707
2026-02-06 16:00:00,-0.62621176
2026-02-06 17:00:00,-0.8060042
2026-02-06 18:00:00,-0.8541453
2026-02-06 19:00:00,-0.6320334
2026-02-06 20:00:00,-0.31817988
2026-02-06 21:00:00,0.034755085
2026-02-06 22:00:00,0.3579869
2026-02-06 23:00:00,0.47969973
2026-02-07 00:00:00,0.29856008
2026-02-07 01:00:00,0.06822085
2026-02-07 02:00:00,-0.15315245
2026-02-07 03:00:00,-0.3803764
2026-02-07 04:00:00,-0.60359544
2026-02-07 05:00:00,-0.8067883
2026-02-07 06:00:00,-0.95427626
2026-02-07 07:00:00,-0.86171556
2026-02-07 08:00:00,-0.59900004
2026-02-07 09:00:00,-0.27706566
2026-02-07 10:00:00,0.053073898
2026-02-07 11:00:00,0.28920263
2026-02-07 12:00:00,0.2702282
2026-02-07 13:00:00,0.06269957
2026-02-07 14:00:00,-0.13577224
2026-02-07 15:00:00,-0.33631125
2026-02-07 16:00:00,-0.5372796
2026-02-07 17:00:00,-0.7207868
2026-02-07 18:00:00,-0.8444049
2026-02-07 19:00:00,-0.731142
2026-02-07 20:00:00,-0.4711019
2026-02-07 21:00:00,-0.16367397
2026-02-07 22:00:00,0.14707634
2026-02-07 23:00:00,0.3479529
2026-02-08 00:00:00,0.2768082
2026-02-08 01:00:00,0.058512624
2026-02-08 02:00:00,-0.14864424
2026-02-08 03:00:00,-0.35933483
2026-02-08 04:00:00,-0.56984365
2026-02-08 05:00:00,-0.76627
2026-02-08 06:00:00,-0.92730683
2026-02-08 07:00:00,-0.94328165
2026-02-08 08:00:00,-0.7322013
2026-02-08 09:00:00,-0.4560707
2026-02-08 10:00:00,-0.15119621
2026-02-08 11:00:00,0.12332518
2026-02-08 12:00:00,0.24325459
2026-02-08 13:00:00,0.11720847
2026-02-08 14:00:00,-0.07476566
2026-02-08 15:00:00,-0.25529367
2026-02-08 16:00:00,-0.43961912
2026-02-08 17:00:00,-0.6129473
2026-02-08 18:00:00,-0.7493605
2026-02-08 19:00:00,-0.7468316
2026-02-08 20:00:00,-0.5417898
2026-02-08 21:00:00,-0.29513666
2026-02-08 22:00:00,-0.03678131
2026-02-08 23:00:00,0.17580354
2026-02-09 00:00:00,0.2164123
2026-02-09 01:00:00,0.041253943
2026-02-09 02:00:00,-0.15021074
2026-02-09 03:00:00,-0.3415019
2026-02-09 04:00:00,-0.53325385
2026-02-09 05:00:00,-0.7145323
2026-02-09 06:00:00,-0.8684449
2026-02-09 07:00:00,-0.93729544
2026-02-09 08:00:00,-0.7932671
2026-02-09 09:00:00,-0.56575847
2026-02-09 10:00:00,-0.3143276
2026-02-09 11:00:00,-0.055238616
2026-02-09 12:00:00,0.13886167
2026-02-09 13:00:00,0.17184883
2026-02-09 14:00:00,0.023638746
2026-02-09 15:00:00,-0.14140423
2026-02-09 16:00:00,-0.30303
2026-02-09 17:00:00,-0.46332934
2026-02-09 18:00:00,-0.604069
2026-02-09 19:00:00,-0.6807272
2026-02-09 20:00:00,-0.58055943
2026-02-09 21:00:00,-0.3868816
2026-02-09 22:00:00,-0.1887259
2026-02-09 23:00:00,-0.009320998
2026-02-10 00:00:00,0.08099952
2026-02-10 01:00:00,-0.008944333
2026-02-10 02:00:00,-0.17219293
2026-02-10 03:00:00,-0.33515513
2026-02-10 04:00:00,-0.49791387
2026-02-10 05:00:00,-0.653098
2026-02-10 06:00:00,-0.7868613
2026-02-10 07:00:00,-0.8796152
2026-02-10 08:00:00,-0.84750944
2026-02-10 09:00:00,-0.67596805
2026-02-10 10:00:00,-0.4821426
2026-02-10 11:00:00,-0.2687282
2026-02-10 12:00:00,-0.061495785
2026-02-10 13:00:00,0.080272265
2026-02-10 14:00:00,0.09129978
2026-02-10 15:00:00,-0.030986624
2026-02-10 16:00:00,-0.16585112
2026-02-10 17:00:00,-0.299649
2026-02-10 18:00:00,-0.42908135
2026-02-10 19:00:00,-0.53595394
2026-02-10 20:00:00,-0.58585876
2026-02-10 21:00:00,-0.5150649
2026-02-10 22:00:00,-0.38557586
2026-02-10 23:00:00,-0.26576194
2026-02-11 00:00:00,-0.16358145
2026-02-11 01:00:00,-0.13056995
2026-02-11 02:00:00,-0.20933971
2026-02-11 03:00:00,-0.33397305
2026-02-11 04:00:00,-0.4617651
2026-02-11 05:00:00,-0.5890082
2026-02-11 06:00:00,-0.7084506
2026-02-11 07:00:00,-0.809938
2026-02-11 08:00:00,-0.871259
2026-02-11 09:00:00,-0.82537144
2026-02-11 10:00:00,-0.6853465
2026-02-11 11:00:00,-0.5264966
2026-02-11 12:00:00,-0.3442483
2026-02-11 13:00:00,-0.15170263
2026-02-11 14:00:00,0.0046235695
2026-02-11 15:00:00,0.07914781
2026-02-11 16:00:00,0.04182536
2026-02-11 17:00:00,-0.06761657
2026-02-11 18:00:00,-0.18134527
2026-02-11 19:00:00,-0.3009821
2026-02-11 20:00:00,-0.4197787
2026-02-11 21:00:00,-0.5243269
2026-02-11 22:00:00,-0.59782493
2026-02-11 23:00:00,-0.5990777
2026-02-12 00:00:00,-0.50835955
